0.jpg 0.360625 0.11333333333333333 0.675 0.5325 0.31263235211372375 0.42635729908943176 0.6708704233169556 0.3619678020477295 0.5195818543434143 0.6143510341644287 0.4025350511074066 0.8021153807640076 0.7244815826416016 0.7456385493278503
1.jpg 0.18166666666666667 0.1864801864801865 0.8566666666666667 0.6585081585081585 0.3084523677825928 0.39834070205688477 0.6603493094444275 0.3462517261505127 0.4863990545272827 0.613052248954773 0.3861599266529083 0.7871417999267578 0.7002952694892883 0.7428247928619385
2.jpg 0.11015625 0.13541666666666666 0.63984375 0.8416666666666667 0.34877192974090576 0.3887498378753662 0.7126373648643494 0.3773420453071594 0.4134635329246521 0.6341214776039124 0.38386672735214233 0.8101155757904053 0.6894367337226868 0.8096319437026978
3.jpg 0.17424242424242425 0.2749742533470649 0.8196969696969697 0.713697219361483 0.3116450905799866 0.3912142515182495 0.6841105222702026 0.39502638578414917 0.48740458488464355 0.6682095527648926 0.32131218910217285 0.7642199397087097 0.6786088943481445 0.7697470784187317
4.jpg 0.31641397495056034 0.11865942028985507 0.8562953197099539 0.8605072463768116 0.31744760274887085 0.37982308864593506 0.680666983127594 0.395024836063385 0.5831773281097412 0.6178478002548218 0.30848410725593567 0.7460587024688721 0.6531900763511658 0.755283534526825
5.jpg 0.28671875 0.26666666666666666 0.728125 0.8552083333333333 0.3353080451488495 0.36571651697158813 0.6713072061538696 0.4152577519416809 0.4364544749259949 0.6118012070655823 0.3096579611301422 0.7711896896362305 0.5921648740768433 0.8190003037452698
6.jpg 0.1732283464566929 0.18363636363636363 0.5653543307086614 0.6363636363636364 0.3271957039833069 0.42047715187072754 0.6627678871154785 0.3483920693397522 0.4703695774078369 0.6245813965797424 0.40418070554733276 0.8029130697250366 0.7470425367355347 0.7435357570648193
7.jpg 0.18454258675078863 0.17142857142857143 0.7760252365930599 0.7071428571428572 0.32527515292167664 0.3688546419143677 0.6730625629425049 0.35758793354034424 0.4746558666229248 0.6635110974311829 0.35896918177604675 0.7227652072906494 0.70726478099823 0.7164592742919922
8.jpg 0.52734375 0.14407814407814407 0.84375 0.5396825396825397 0.3037804067134857 0.37051355838775635 0.6335887312889099 0.4145054817199707 0.5409178733825684 0.5792422890663147 0.33401137590408325 0.7550255060195923 0.5977783799171448 0.7901771068572998
9.jpg 0.3150308853809197 0.22606924643584522 0.7124227865477007 0.8156822810590632 0.30661290884017944 0.34815987944602966 0.6549792289733887 0.3734208047389984 0.5765281915664673 0.5591886639595032 0.34451961517333984 0.768135130405426 0.6342148184776306 0.7854999303817749
